cooling_rate: 0.9751067256397791
improvement_threshold: 89
initial_temp_factor: 0.27912777127395205
perturbation_initial: 1
perturbation_max: 6
stagnation_threshold: 526
